"PODER";"ESPECIFICACAO";"NIVEL";"DESPESA_ANO1";"PERCENTUAL_ANO1";"DESPESA_ANO2";"PERCENTUAL_ANO2";"DESPESA_ANO3";"PERCENTUAL_ANO3"
"CONSOLIDADO";"CONSOLIDADO";0;154297412091;100;162098871397,902;100;169497727005,102;100
"CONSOLIDADO";"Despesas Primarias";1;146569867144;94,9917857712075;153082290020,402;94,4376038526714;159805979715,627;94,2820783141338
"CONSOLIDADO";"Obrigatorias";2;125730907061;81,4860763749218;131184016295,395;80,9283958389689;136727541538,814;80,6662979820952
"CONSOLIDADO";"Discricionarias";2;20838960083;13,5057093962858;21898273725,0068;13,5092080137026;23078438176,8131;13,6157803320386
"CONSOLIDADO";"Despesas Financeiras";1;7727544947;5,00821422879246;9016581377,5;5,56239614732857;9691747289,475;5,71792168586619
"EXECUTIVO";"PODER EXECUTIVO";0;125376147094;100;131785929018,803;100;137684268601,683;100
"EXECUTIVO";"Despesas Primarias";1;117680854897;93,8622358595607;122802567973,803;93,1833685797228;128026738254,683;92,9857416209698
"EXECUTIVO";"Obrigatorias";2;103132315278;82,2583223910025;107497533975,293;81,5698115691509;111868051750,483;81,2496975047413
"EXECUTIVO";"Discricionarias";2;14548539619;11,6039134685582;15305033998,5105;11,6135570105719;16158686504,2;11,7360441162285
"EXECUTIVO";"Despesas Financeiras";1;7695292197;6,13776414043933;8983361045;6,81663142027723;9657530347;7,01425837903021
"LEGISLATIVO";"PODER LEGISLATIVO";0;4186910306;100;4387882060,59511;100;4604531238,12457;100
"LEGISLATIVO";"Despesas Primarias";1;4154657556;99,2296765957995;4354661728,09511;99,242907351628;4570314295,64957;99,2568854307754
"LEGISLATIVO";"Obrigatorias";2;3407517736;81,385018712173;3571554784,66213;81,3958701564951;3748426148,6316;81,4073345315893
"LEGISLATIVO";"Discricionarias";2;747139820;17,8446578836265;783106943,432973;17,8470371951329;821888147,017969;17,8495508991861
"LEGISLATIVO";"Despesas Financeiras";1;32252750;0,770323404200482;33220332,5;0,757092648372014;34216942,475;0,743114569224567
"JUDICIARIO";"PODER JUDICIARIO";0;18277338083;100;19157204551,4442;100;20105912076,0794;100
"JUDICIARIO";"Despesas Primarias";1;18277338083;100;19157204551,4442;100;20105912076,0794;100
"JUDICIARIO";"Obrigatorias";2;13835388132;75,6969536218651;14501420244,5526;75,6969536218651;15219562939,4828;75,6969536218651
"JUDICIARIO";"Discricionarias";2;4441949951;24,3030463781349;4655784306,89165;24,3030463781349;4886349136,59661;24,3030463781349
"JUDICIARIO";"Despesas Financeiras";1;0;0;0;0;0;0
"MINISTERIO PUBLICO";"MINISTERIO PUBLICO";0;5068280975;100;5312266749,2033;100;5575342054,59585;100
"MINISTERIO PUBLICO";"Despesas Primarias";1;5068280975;100;5312266749,2033;100;5575342054,59585;100
"MINISTERIO PUBLICO";"Obrigatorias";2;4279466975;84,4362614485871;4485479441,20366;84,4362614485871;4707610393,87158;84,4362614485871
"MINISTERIO PUBLICO";"Discricionarias";2;788814000;15,5637385514129;826787307,999642;15,5637385514129;867731660,72427;15,5637385514129
"MINISTERIO PUBLICO";"Despesas Financeiras";1;0;0;0;0;0;0
"DEFENSORIA PUBLICA";"DEFENSORIA PUBLICA";0;1388735633;100;1455589017,85624;100;1527673034,61914;100
"DEFENSORIA PUBLICA";"Despesas Primarias";1;1388735633;100;1455589017,85624;100;1527673034,61914;100
"DEFENSORIA PUBLICA";"Obrigatorias";2;1076218940;77,4963149519762;1128027849,68425;77,4963149519762;1183890306,34486;77,4963149519762
"DEFENSORIA PUBLICA";"Discricionarias";2;312516693;22,5036850480238;327561168,171991;22,5036850480238;343782728,274279;22,5036850480238
"DEFENSORIA PUBLICA";"Despesas Financeiras";1;0;0;0;0;0;0
"TOTAL";"TOTAL";0;154297412091;100;162098871397,902;100;169497727005,102;100
